001 0 10 300
002 10 4 300
003 14 4 300
004 18 2 300
005 20 8 500
006 28 4 300
007 32 4 300
008 36 10 300
009 40 4 300
010 44 9 300
011 53 4 300
012 57 2 300
013 60 9 300
014 69 9 300
015 78 2 300
016 80 11 300

018 100 14 300
019 114 6 300
020 120 2 300
021 122 2 300
022 124 16 300
023 140 9 300
024 149 5 300
025 154 2 300
026 156 4 300
027 160 16 300
028 176 4 300
029 180 7 300
030 187 7 300
031 194 6 300
032 200 10 300
033 210 7 300
034 217 3 300
035 220 6 300
036 226 4 300
037 230 2 300
038 232 8 300
039 240 15 300
040 255 5 300
041 260 15 300
042 275 5 300
043 280 20 300
044 300 12 300
045 312 7 300
046 320 14 300
047 334 6 300
048 340 11 300
049 351 5 300
050 356 2 300
051 358 2 300
052 360 14 300
053 374 8 300
054 382 12 300
055 394 4 300
056 398 3 300
057 401 13 300
058 414 4 300
059 418 8 300
060 426 7 300
061 433 16 300
062 449 12 300
063 461 6 300
064 467 5 300
065 472 8 300