001 0 1 300 0 3 41 15
002 1 1 300 41 3 41 15
003 2 1 300 82 3 41 15
004 3 1 300 123 3 41 15
005 4 1 300 164 3 41 15
006 5 1 300 205 3 41 15
007 0 1 300 0 26 41 15
008 1 1 300 41 26 41 15
009 2 1 300 82 26 41 15
010 3 1 300 123 26 41 15
011 4 1 300 164 26 41 15
012 5 1 300 205 26 41 15
013 0 1 300 0 49 41 15
014 1 1 300 41 49 41 15
015 2 1 300 82 49 41 15
016 2 1 300 123 49 41 15
017 2 1 300 164 49 41 15
018 0 1 300 0 72 41 15
019 1 1 300 41 72 41 15
020 2 1 300 82 72 41 15
021 5 1 300 205 72 41 15
022 3 1 300 123 72 41 15
023 4 1 300 164 72 41 15