1011407 0 3
1011507 0 3
1011601 0 3
1011602 0 3
1011603 0 3
1011604 0 3
1011605 0 3
1011607 0 3
1011801 0 4
1011802 0 4
1011803 0 4
1011804 0 4
1011805 0 4
1011905 0 6
1011907 0 6
1011908 0 6
1011909 0 5
1011910 0 5
1013002 0 1
1013003 0 1
1013004 0 1
1013005 0 1
1013006 0 1
1013007 0 1
1013008 0 1
1013009 0 1
1013010 0 1
1013011 0 1
1013012 0 1
1013013 0 1
1013060 0 1
1014002 0 2
1014003 0 2
1014004 0 2
1014005 0 2
1014006 0 2
1014007 0 2
1014008 0 2
1014009 0 2
1014010 0 2
1014011 0 2
1014012 0 2
1014013 0 2
1015002 0 5
1015003 0 5
1015004 0 5
1015005 0 5
1015006 0 5
1015007 0 5
1015008 0 5
1015009 0 6
1015010 0 3
1015011 0 3
1015012 0 3
1015013 0 3
1015014 0 6
1015020 0 3
1016006 0 7
1016007 0 7
1016008 0 7
1017001 0 1
1017002 0 1
1017003 0 1
1017004 0 1
1017005 0 1
1017006 0 2
1017007 0 2
1017008 0 2
1017009 0 2
1017010 0 1
1018000 0 3
1019707 0 6
1031407 0 3
1031507 0 3
1031603 0 3
1031605 0 3
1031607 0 3
1031802 0 4
1031803 0 4
1031805 0 4
1031907 0 6
1031908 0 6
1031909 0 5
1031910 0 5
1033007 0 1
1033008 0 1
1033009 0 1
1033010 0 1
1033011 0 1
1033012 0 1
1033013 0 1
1033060 0 1
1034007 0 2
1034008 0 2
1034009 0 2
1034010 0 2
1034011 0 2
1034012 0 2
1034013 0 2
1035007 0 5
1035008 0 5
1035009 0 6
1035010 0 3
1035011 0 3
1035012 0 3
1035013 0 3
1035014 0 6
1035020 0 3
1036006 0 7
1036007 0 7
1036008 0 7
1037007 0 2
1037008 0 2
1037009 0 2
1037010 0 1
1038001 0 7
1039707 0 6
1041407 0 3
1041507 0 3
1041602 0 3
1041603 0 3
1041605 0 3
1041607 0 3
1041802 0 4
1041803 0 4
1041805 0 4
1041907 0 6
1041908 0 6
1041909 0 5
1041910 0 5
1043006 0 1
1043007 0 1
1043008 0 1
1043009 0 1
1043010 0 1
1043011 0 1
1043012 0 1
1043013 0 1
1043060 0 1
1044006 0 2
1044007 0 2
1044008 0 2
1044009 0 2
1044010 0 2
1044011 0 2
1044012 0 2
1044013 0 2
1045006 0 5
1045007 0 5
1045008 0 5
1045009 0 6
1045010 0 3
1045011 0 3
1045012 0 3
1045013 0 3
1045014 0 6
1046006 0 7
1046007 0 7
1046008 0 7
1047007 0 2
1047008 0 2
1047009 0 2
1047010 0 1
1048001 0 7
1048007 0 3
1048107 0 3
1048109 0 1
1048111 0 1
1048207 0 3
1048209 0 2
1048211 0 2
1061407 0 3
1061507 0 3
1061601 0 3
1061602 0 3
1061603 0 3
1061604 0 3
1061605 0 3
1061607 0 3
1061801 0 4
1061802 0 4
1061803 0 4
1061804 0 4
1061805 0 4
1061905 0 6
1061907 0 6
1061908 0 6
1061909 0 5
1061910 0 5
1063002 0 1
1063003 0 1
1063004 0 1
1063005 0 1
1063006 0 1
1063007 0 1
1063008 0 1
1063009 0 1
1063010 0 1
1063011 0 1
1063012 0 1
1063013 0 1
1064002 0 2
1064003 0 2
1064004 0 2
1064005 0 2
1064006 0 2
1064007 0 2
1064008 0 2
1064009 0 2
1064010 0 2
1064011 0 2
1064012 0 2
1064013 0 2
1065002 0 5
1065003 0 5
1065004 0 5
1065005 0 5
1065006 0 5
1065007 0 5
1065008 0 5
1065009 0 6
1065010 0 3
1065011 0 3
1065012 0 3
1065013 0 3
1065014 0 6
1066006 0 7
1066007 0 7
1066008 0 7
1067001 0 1
1067002 0 1
1067003 0 1
1067004 0 1
1067005 0 1
1067006 0 2
1067007 0 2
1067008 0 2
1067009 0 2
1067010 0 1
1068103 0 1
1068105 0 1
1068107 0 1
1068109 0 1
1068111 0 1
1068203 0 2
1068205 0 2
1068207 0 2
1068209 0 2
1068211 0 2
1101407 0 3
1101507 0 3
1101601 0 3
1101602 0 3
1101603 0 3
1101604 0 3
1101605 0 3
1101607 0 3
1101801 0 4
1101802 0 4
1101803 0 4
1101804 0 4
1101805 0 4
1101905 0 6
1101907 0 6
1101908 0 6
1101909 0 5
1101910 0 5
1103002 0 1
1103003 0 1
1103004 0 1
1103005 0 1
1103006 0 1
1103007 0 1
1103008 0 1
1103009 0 1
1103010 0 1
1103011 0 1
1103012 0 1
1103013 0 1
1103060 0 1
1104002 0 2
1104003 0 2
1104004 0 2
1104005 0 2
1104006 0 2
1104007 0 2
1104008 0 2
1104009 0 2
1104010 0 2
1104011 0 2
1104012 0 2
1104013 0 2
1105002 0 5
1105003 0 5
1105004 0 5
1105005 0 5
1105006 0 5
1105007 0 5
1105008 0 5
1105009 0 6
1105010 0 3
1105011 0 3
1105012 0 3
1105013 0 3
1105014 0 6
1105020 0 3
1106006 0 7
1106007 0 7
1106008 0 7
1107001 0 1
1107002 0 1
1107003 0 1
1107004 0 1
1107005 0 1
1107006 0 2
1107007 0 2
1107008 0 2
1107009 0 2
1107010 0 1
1108000 0 3
1108001 0 7
1109707 0 6
1111407 0 3
1111507 0 3
1111603 0 3
1111605 0 3
1111607 0 3
1111802 0 4
1111803 0 4
1111805 0 4
1111907 0 6
1111908 0 6
1111909 0 5
1111910 0 5
1113007 0 1
1113008 0 1
1113009 0 1
1113010 0 1
1113011 0 1
1113012 0 1
1113013 0 1
1113060 0 1
1114007 0 2
1114008 0 2
1114009 0 2
1114010 0 2
1114011 0 2
1114012 0 2
1114013 0 2
1115007 0 5
1115008 0 5
1115009 0 6
1115010 0 3
1115011 0 3
1115012 0 3
1115013 0 3
1115014 0 6
1115020 0 3
1116006 0 7
1116007 0 7
1116008 0 7
1117007 0 2
1117008 0 2
1117009 0 2
1117010 0 1
1119707 0 6
1120002 0 1
1120003 0 2
1120004 0 3
1120102 0 1
1120103 0 2
1120104 0 3
1120201 0 1
1120202 0 2
1120203 0 3
1120301 0 1
1120302 0 2
1120303 0 3
1181407 0 3
1181417 0 3
1181507 0 3
1181517 0 3
1181601 0 3
1181602 0 3
1181603 0 3
1181604 0 3
1181605 0 3
1181607 0 3
1181613 0 3
1181615 0 3
1181617 0 3
1181801 0 4
1181802 0 4
1181803 0 4
1181804 0 4
1181805 0 4
1181813 0 4
1181815 0 4
1181822 0 4
1181905 0 6
1181907 0 6
1181908 0 6
1181909 0 5
1181910 0 5
1181927 0 6
1181928 0 6
1181929 0 5
1181930 0 5
1183002 0 1
1183003 0 1
1183004 0 1
1183005 0 1
1183006 0 1
1183007 0 1
1183008 0 1
1183009 0 1
1183010 0 1
1183011 0 1
1183012 0 1
1183013 0 1
1183027 0 1
1183028 0 1
1183029 0 1
1183030 0 1
1183031 0 1
1183032 0 1
1183033 0 1
1184002 0 2
1184003 0 2
1184004 0 2
1184005 0 2
1184006 0 2
1184007 0 2
1184008 0 2
1184009 0 2
1184010 0 2
1184011 0 2
1184012 0 2
1184013 0 2
1184027 0 2
1184028 0 2
1184029 0 2
1184030 0 2
1184031 0 2
1184032 0 2
1184033 0 2
1185002 0 5
1185003 0 5
1185004 0 5
1185005 0 5
1185006 0 5
1185007 0 5
1185008 0 5
1185009 0 6
1185010 0 3
1185011 0 3
1185012 0 3
1185013 0 3
1185014 0 6
1185027 0 5
1185028 0 5
1185029 0 6
1185030 0 3
1185031 0 3
1185032 0 3
1185033 0 3
1185034 0 6
1186006 0 7
1186007 0 7
1186008 0 7
1186016 0 7
1186017 0 7
1186018 0 7
1187001 0 1
1187002 0 1
1187003 0 1
1187004 0 1
1187005 0 1
1187006 0 2
1187007 0 2
1187008 0 2
1187009 0 2
1187010 0 1
1187027 0 2
1187028 0 2
1187029 0 2
1187030 0 1
1188001 0 7
1188103 0 1
1188105 0 1
1188107 0 1
1188109 0 1
1188111 0 1
1188127 0 1
1188129 0 1
1188131 0 1
1188203 0 2
1188205 0 2
1188207 0 2
1188209 0 2
1188211 0 2
1188227 0 2
1188229 0 2
1188231 0 2
1201407 0 3
1201507 0 3
1201601 0 3
1201602 0 3
1201603 0 3
1201604 0 3
1201605 0 3
1201607 0 3
1201801 0 4
1201802 0 4
1201803 0 4
1201804 0 4
1201805 0 4
1201905 0 6
1201907 0 6
1201908 0 6
1201909 0 5
1201910 0 5
1203002 0 1
1203003 0 1
1203004 0 1
1203005 0 1
1203006 0 1
1203007 0 1
1203008 0 1
1203009 0 1
1203010 0 1
1203011 0 1
1203012 0 1
1203013 0 1
1203060 0 1
1204002 0 2
1204003 0 2
1204004 0 2
1204005 0 2
1204006 0 2
1204007 0 2
1204008 0 2
1204009 0 2
1204010 0 2
1204011 0 2
1204012 0 2
1204013 0 2
1205002 0 5
1205003 0 5
1205004 0 5
1205005 0 5
1205006 0 5
1205007 0 5
1205008 0 5
1205009 0 6
1205010 0 3
1205011 0 3
1205012 0 3
1205013 0 3
1205014 0 6
1205020 0 3
1206006 0 7
1206007 0 7
1206008 0 7
1207001 0 1
1207002 0 1
1207003 0 1
1207004 0 1
1207005 0 1
1207006 0 2
1207007 0 2
1207008 0 2
1207009 0 2
1207010 0 1
1208000 0 3
1209707 0 6
1251407 0 3
1251507 0 3
1251603 0 3
1251605 0 3
1251607 0 3
1251802 0 4
1251803 0 4
1251805 0 4
1251907 0 6
1251908 0 6
1251909 0 5
1251910 0 5
1253007 0 1
1253008 0 1
1253009 0 1
1253010 0 1
1253011 0 1
1253012 0 1
1253013 0 1
1253060 0 1
1254007 0 2
1254008 0 2
1254009 0 2
1254010 0 2
1254011 0 2
1254012 0 2
1254013 0 2
1255007 0 5
1255008 0 5
1255009 0 6
1255010 0 3
1255011 0 3
1255012 0 3
1255013 0 3
1255014 0 6
1255020 0 3
1256006 0 7
1256007 0 7
1256008 0 7
1257007 0 2
1257008 0 2
1257009 0 2
1257010 0 1
1259707 0 6
1261407 0 3
1261507 0 3
1261603 0 3
1261605 0 3
1261607 0 3
1261802 0 4
1261803 0 4
1261805 0 4
1261907 0 6
1261908 0 6
1261909 0 5
1261910 0 5
1263007 0 1
1263008 0 1
1263009 0 1
1263010 0 1
1263011 0 1
1263012 0 1
1263013 0 1
1264007 0 2
1264008 0 2
1264009 0 2
1264010 0 2
1264011 0 2
1264012 0 2
1264013 0 2
1265007 0 5
1265008 0 5
1265009 0 6
1265010 0 3
1265011 0 3
1265012 0 3
1265013 0 3
1265014 0 6
1266006 0 7
1266007 0 7
1266008 0 7
1267007 0 2
1267008 0 2
1267009 0 2
1267010 0 1
1268107 0 1
1268109 0 1
1268111 0 1
1268207 0 2
1268209 0 2
1268211 0 2
1271407 0 3
1271417 0 3
1271507 0 3
1271517 0 3
1271601 0 3
1271602 0 3
1271603 0 3
1271604 0 3
1271605 0 3
1271607 0 3
1271613 0 3
1271615 0 3
1271617 0 3
1271801 0 4
1271802 0 4
1271803 0 4
1271804 0 4
1271805 0 4
1271813 0 4
1271815 0 4
1271827 0 4
1271905 0 6
1271907 0 6
1271908 0 6
1271909 0 5
1271910 0 5
1271927 0 6
1271928 0 6
1271929 0 5
1271930 0 5
1273002 0 1
1273003 0 1
1273004 0 1
1273005 0 1
1273006 0 1
1273007 0 1
1273008 0 1
1273009 0 1
1273010 0 1
1273011 0 1
1273012 0 1
1273013 0 1
1273027 0 1
1273028 0 1
1273029 0 1
1273030 0 1
1273031 0 1
1273032 0 1
1273033 0 1
1274002 0 2
1274003 0 2
1274004 0 2
1274005 0 2
1274006 0 2
1274007 0 2
1274008 0 2
1274009 0 2
1274010 0 2
1274011 0 2
1274012 0 2
1274013 0 2
1274027 0 2
1274028 0 2
1274029 0 2
1274030 0 2
1274031 0 2
1274032 0 2
1274033 0 2
1275002 0 5
1275003 0 5
1275004 0 5
1275005 0 5
1275006 0 5
1275007 0 5
1275008 0 5
1275009 0 6
1275010 0 3
1275011 0 3
1275012 0 3
1275013 0 3
1275014 0 6
1275027 0 5
1275028 0 5
1275029 0 6
1275030 0 3
1275031 0 3
1275032 0 3
1275033 0 3
1275034 0 6
1276007 0 7
1276008 0 7
1276017 0 7
1276018 0 7
1277001 0 1
1277002 0 1
1277003 0 1
1277004 0 1
1277005 0 1
1277006 0 2
1277007 0 2
1277008 0 2
1277009 0 2
1277010 0 1
1277027 0 2
1277028 0 2
1277029 0 2
1277030 0 1
1281407 0 3
1281507 0 3
1281601 0 3
1281602 0 3
1281603 0 3
1281604 0 3
1281605 0 3
1281607 0 3
1281801 0 4
1281802 0 4
1281803 0 4
1281804 0 4
1281805 0 4
1281905 0 6
1281907 0 6
1281908 0 6
1281909 0 5
1281910 0 5
1283002 0 1
1283003 0 1
1283004 0 1
1283005 0 1
1283006 0 1
1283007 0 1
1283008 0 1
1283009 0 1
1283010 0 1
1283011 0 1
1283012 0 1
1283013 0 1
1284002 0 2
1284003 0 2
1284004 0 2
1284005 0 2
1284006 0 2
1284007 0 2
1284008 0 2
1284009 0 2
1284010 0 2
1284011 0 2
1284012 0 2
1284013 0 2
1285003 0 5
1285004 0 5
1285005 0 5
1285006 0 5
1285007 0 5
1285008 0 5
1285009 0 6
1285010 0 3
1285011 0 3
1285012 0 3
1285013 0 3
1285014 0 6
1286006 0 7
1286007 0 7
1286008 0 7
1287001 0 1
1287002 0 1
1287003 0 1
1287004 0 1
1287005 0 1
1287006 0 2
1287007 0 2
1287008 0 2
1287009 0 2
1287010 0 1
1288103 0 1
1288105 0 1
1288107 0 1
1288109 0 1
1288111 0 1
1288203 0 2
1288205 0 2
1288207 0 2
1288209 0 2
1288211 0 2
1420000 0 3
1420001 0 3
1420002 0 3
1420003 0 3
1420004 0 3
1420005 0 3
1420006 0 3
1420007 0 3
1420008 0 3
1420009 0 3
1420010 0 3
1420011 0 3
1420013 0 3
1460300 0 3
1463000 0 3
1501407 0 3
1501507 0 3
1501601 0 3
1501602 0 3
1501603 0 3
1501604 0 3
1501605 0 3
1501607 0 3
1501801 0 4
1501802 0 4
1501803 0 4
1501804 0 4
1501805 0 4
1501822 0 4
1501905 0 6
1501907 0 6
1501908 0 6
1501909 0 5
1501910 0 5
1503002 0 1
1503003 0 1
1503004 0 1
1503005 0 1
1503006 0 1
1503007 0 1
1503008 0 1
1503009 0 1
1503010 0 1
1503011 0 1
1503012 0 1
1503013 0 1
1503060 0 1
1504002 0 2
1504003 0 2
1504004 0 2
1504005 0 2
1504006 0 2
1504007 0 2
1504008 0 2
1504009 0 2
1504010 0 2
1504011 0 2
1504012 0 2
1504013 0 2
1505002 0 5
1505003 0 5
1505004 0 5
1505005 0 5
1505006 0 5
1505007 0 5
1505008 0 5
1505009 0 6
1505010 0 3
1505011 0 3
1505012 0 3
1505013 0 3
1505014 0 6
1505020 0 3
1506006 0 7
1506007 0 7
1506008 0 7
1507001 0 1
1507002 0 1
1507003 0 1
1507004 0 1
1507005 0 1
1507006 0 2
1507007 0 2
1507008 0 2
1507009 0 2
1507010 0 1
1508000 0 3
1508001 0 7
1509707 0 6
1511407 0 3
1511507 0 3
1511603 0 3
1511605 0 3
1511607 0 3
1511803 0 4
1511805 0 4
1511907 0 6
1511908 0 6
1511909 0 5
1511910 0 5
1513007 0 1
1513008 0 1
1513009 0 1
1513010 0 1
1513011 0 1
1513012 0 1
1513013 0 1
1513060 0 1
1514007 0 2
1514008 0 2
1514009 0 2
1514010 0 2
1514011 0 2
1514012 0 2
1514013 0 2
1515007 0 5
1515008 0 5
1515009 0 6
1515010 0 3
1515011 0 3
1515012 0 3
1515013 0 3
1515014 0 6
1515020 0 3
1516006 0 7
1516007 0 7
1516008 0 7
1517007 0 2
1517008 0 2
1517009 0 2
1517010 0 1
1519707 0 6
1581407 0 3
1581417 0 3
1581507 0 3
1581517 0 3
1581601 0 3
1581602 0 3
1581603 0 3
1581604 0 3
1581605 0 3
1581607 0 3
1581613 0 3
1581615 0 3
1581617 0 3
1581801 0 4
1581802 0 4
1581803 0 4
1581804 0 4
1581805 0 4
1581813 0 4
1581815 0 4
1581822 0 4
1581905 0 6
1581907 0 6
1581908 0 6
1581909 0 5
1581910 0 5
1581927 0 6
1581928 0 6
1581929 0 5
1581930 0 5
1583002 0 1
1583003 0 1
1583004 0 1
1583005 0 1
1583006 0 1
1583007 0 1
1583008 0 1
1583009 0 1
1583010 0 1
1583011 0 1
1583012 0 1
1583013 0 1
1583027 0 1
1583028 0 1
1583029 0 1
1583030 0 1
1583031 0 1
1583032 0 1
1583033 0 1
1584002 0 2
1584003 0 2
1584004 0 2
1584005 0 2
1584006 0 2
1584007 0 2
1584008 0 2
1584009 0 2
1584010 0 2
1584011 0 2
1584012 0 2
1584013 0 2
1584027 0 2
1584028 0 2
1584029 0 2
1584030 0 2
1584031 0 2
1584032 0 2
1584033 0 2
1585002 0 5
1585003 0 5
1585004 0 5
1585005 0 5
1585006 0 5
1585007 0 5
1585008 0 5
1585009 0 6
1585010 0 3
1585011 0 3
1585012 0 3
1585013 0 3
1585014 0 6
1585027 0 5
1585028 0 5
1585029 0 6
1585030 0 3
1585031 0 3
1585032 0 3
1585033 0 3
1585034 0 6
1586006 0 7
1586007 0 7
1586008 0 7
1586016 0 7
1586017 0 7
1586018 0 7
1587001 0 1
1587002 0 1
1587003 0 1
1587004 0 1
1587005 0 1
1587006 0 2
1587007 0 2
1587008 0 2
1587009 0 2
1587010 0 1
1587027 0 2
1587028 0 2
1587029 0 2
1587030 0 1
1588001 0 7
1588103 0 1
1588105 0 1
1588107 0 1
1588109 0 1
1588111 0 1
1588127 0 1
1588129 0 1
1588131 0 1
1588203 0 2
1588205 0 2
1588207 0 2
1588209 0 2
1588211 0 2
1588227 0 2
1588229 0 2
1588231 0 2
2011407 0 3
2011417 0 3
2011507 0 3
2011517 0 3
2011601 0 3
2011602 0 3
2011603 0 3
2011604 0 3
2011605 0 3
2011607 0 3
2011613 0 3
2011615 0 3
2011617 0 3
2011801 0 4
2011802 0 4
2011803 0 4
2011804 0 4
2011805 0 4
2011813 0 4
2011815 0 4
2011822 0 4
2011905 0 6
2011907 0 6
2011908 0 6
2011909 0 5
2011910 0 5
2011927 0 6
2011928 0 6
2011929 0 5
2011930 0 5
2012001 0 3
2013002 0 1
2013003 0 1
2013004 0 1
2013005 0 1
2013006 0 1
2013007 0 1
2013008 0 1
2013009 0 1
2013010 0 1
2013011 0 1
2013012 0 1
2013013 0 1
2013027 0 1
2013028 0 1
2013029 0 1
2013030 0 1
2013031 0 1
2013032 0 1
2013033 0 1
2014002 0 2
2014003 0 2
2014004 0 2
2014005 0 2
2014006 0 2
2014007 0 2
2014008 0 2
2014009 0 2
2014010 0 2
2014011 0 2
2014012 0 2
2014013 0 2
2014027 0 2
2014028 0 2
2014029 0 2
2014030 0 2
2014031 0 2
2014032 0 2
2014033 0 2
2015002 0 5
2015003 0 5
2015004 0 5
2015005 0 5
2015006 0 5
2015007 0 5
2015008 0 5
2015009 0 6
2015010 0 3
2015011 0 3
2015012 0 3
2015013 0 3
2015014 0 6
2015027 0 5
2015028 0 5
2015029 0 6
2015030 0 3
2015031 0 3
2015032 0 3
2015033 0 3
2015034 0 6
2016007 0 7
2016008 0 7
2016017 0 7
2016018 0 7
2017001 0 1
2017002 0 1
2017003 0 1
2017004 0 1
2017005 0 1
2017006 0 2
2017007 0 2
2017008 0 2
2017009 0 2
2017010 0 1
2017027 0 2
2017028 0 2
2017029 0 2
2017030 0 1
2021407 0 3
2021417 0 3
2021507 0 3
2021517 0 3
2021601 0 3
2021602 0 3
2021603 0 3
2021604 0 3
2021605 0 3
2021607 0 3
2021613 0 3
2021615 0 3
2021617 0 3
2021801 0 4
2021802 0 4
2021803 0 4
2021804 0 4
2021805 0 4
2021813 0 4
2021815 0 4
2021822 0 4
2021905 0 6
2021907 0 6
2021908 0 6
2021909 0 5
2021910 0 5
2021927 0 6
2021928 0 6
2021929 0 5
2021930 0 5
2022001 0 3
2023002 0 1
2023003 0 1
2023004 0 1
2023005 0 1
2023006 0 1
2023007 0 1
2023008 0 1
2023009 0 1
2023010 0 1
2023011 0 1
2023012 0 1
2023013 0 1
2023027 0 1
2023028 0 1
2023029 0 1
2023030 0 1
2023031 0 1
2023032 0 1
2023033 0 1
2024002 0 2
2024003 0 2
2024004 0 2
2024005 0 2
2024006 0 2
2024007 0 2
2024008 0 2
2024009 0 2
2024010 0 2
2024011 0 2
2024012 0 2
2024013 0 2
2024027 0 2
2024028 0 2
2024029 0 2
2024030 0 2
2024031 0 2
2024032 0 2
2024033 0 2
2025002 0 5
2025003 0 5
2025004 0 5
2025005 0 5
2025006 0 5
2025007 0 5
2025008 0 5
2025009 0 6
2025010 0 3
2025011 0 3
2025012 0 3
2025013 0 3
2025014 0 6
2025027 0 5
2025028 0 5
2025029 0 6
2025030 0 3
2025031 0 3
2025032 0 3
2025033 0 3
2025034 0 6
2026007 0 7
2026008 0 7
2026017 0 7
2026018 0 7
2027001 0 1
2027002 0 1
2027003 0 1
2027004 0 1
2027005 0 1
2027006 0 2
2027007 0 2
2027008 0 2
2027009 0 2
2027010 0 1
2027027 0 2
2027028 0 2
2027029 0 2
2027030 0 1
2031407 0 3
2031417 0 3
2031507 0 3
2031517 0 3
2031601 0 3
2031602 0 3
2031603 0 3
2031604 0 3
2031605 0 3
2031607 0 3
2031613 0 3
2031615 0 3
2031617 0 3
2031801 0 4
2031802 0 4
2031803 0 4
2031804 0 4
2031805 0 4
2031813 0 4
2031815 0 4
2031822 0 4
2031905 0 6
2031907 0 6
2031908 0 6
2031909 0 5
2031910 0 5
2031927 0 6
2031928 0 6
2031929 0 5
2031930 0 5
2032001 0 3
2033002 0 1
2033003 0 1
2033004 0 1
2033005 0 1
2033006 0 1
2033007 0 1
2033008 0 1
2033009 0 1
2033010 0 1
2033011 0 1
2033012 0 1
2033013 0 1
2033027 0 1
2033028 0 1
2033029 0 1
2033030 0 1
2033031 0 1
2033032 0 1
2033033 0 1
2034002 0 2
2034003 0 2
2034004 0 2
2034005 0 2
2034006 0 2
2034007 0 2
2034008 0 2
2034009 0 2
2034010 0 2
2034011 0 2
2034012 0 2
2034013 0 2
2034027 0 2
2034028 0 2
2034029 0 2
2034030 0 2
2034031 0 2
2034032 0 2
2034033 0 2
2035002 0 5
2035003 0 5
2035004 0 5
2035005 0 5
2035006 0 5
2035007 0 5
2035008 0 5
2035009 0 6
2035010 0 3
2035011 0 3
2035012 0 3
2035013 0 3
2035014 0 6
2035027 0 5
2035028 0 5
2035029 0 6
2035030 0 3
2035031 0 3
2035032 0 3
2035033 0 3
2035034 0 6
2036007 0 7
2036008 0 7
2036017 0 7
2036018 0 7
2037001 0 1
2037002 0 1
2037003 0 1
2037004 0 1
2037005 0 1
2037006 0 2
2037007 0 2
2037008 0 2
2037009 0 2
2037010 0 1
2037027 0 2
2037028 0 2
2037029 0 2
2037030 0 1
2041407 0 3
2041417 0 3
2041507 0 3
2041517 0 3
2041601 0 3
2041602 0 3
2041603 0 3
2041604 0 3
2041605 0 3
2041607 0 3
2041613 0 3
2041615 0 3
2041617 0 3
2041801 0 4
2041802 0 4
2041803 0 4
2041804 0 4
2041805 0 4
2041813 0 4
2041815 0 4
2041822 0 4
2041905 0 6
2041907 0 6
2041908 0 6
2041909 0 5
2041910 0 5
2041927 0 6
2041928 0 6
2041929 0 5
2041930 0 5
2042001 0 3
2043002 0 1
2043003 0 1
2043004 0 1
2043005 0 1
2043006 0 1
2043007 0 1
2043008 0 1
2043009 0 1
2043010 0 1
2043011 0 1
2043012 0 1
2043013 0 1
2043027 0 1
2043028 0 1
2043029 0 1
2043030 0 1
2043031 0 1
2043032 0 1
2043033 0 1
2044002 0 2
2044003 0 2
2044004 0 2
2044005 0 2
2044006 0 2
2044007 0 2
2044008 0 2
2044009 0 2
2044010 0 2
2044011 0 2
2044012 0 2
2044013 0 2
2044027 0 2
2044028 0 2
2044029 0 2
2044030 0 2
2044031 0 2
2044032 0 2
2044033 0 2
2045002 0 5
2045003 0 5
2045004 0 5
2045005 0 5
2045006 0 5
2045007 0 5
2045008 0 5
2045009 0 6
2045010 0 3
2045011 0 3
2045012 0 3
2045013 0 3
2045014 0 6
2045027 0 5
2045028 0 5
2045029 0 6
2045030 0 3
2045031 0 3
2045032 0 3
2045033 0 3
2045034 0 6
2046007 0 7
2046008 0 7
2046017 0 7
2046018 0 7
2047001 0 1
2047002 0 1
2047003 0 1
2047004 0 1
2047005 0 1
2047006 0 2
2047007 0 2
2047008 0 2
2047009 0 2
2047010 0 1
2047027 0 2
2047028 0 2
2047029 0 2
2047030 0 1
2059706 0 6
2111407 0 3
2111417 0 3
2111507 0 3
2111517 0 3
2111601 0 3
2111602 0 3
2111603 0 3
2111604 0 3
2111605 0 3
2111607 0 3
2111613 0 3
2111615 0 3
2111617 0 3
2111801 0 4
2111802 0 4
2111803 0 4
2111804 0 4
2111805 0 4
2111813 0 4
2111815 0 4
2111822 0 4
2111905 0 6
2111907 0 6
2111908 0 6
2111909 0 5
2111910 0 5
2111927 0 6
2111928 0 6
2111929 0 5
2111930 0 5
2113002 0 1
2113003 0 1
2113004 0 1
2113005 0 1
2113006 0 1
2113007 0 1
2113008 0 1
2113009 0 1
2113010 0 1
2113011 0 1
2113012 0 1
2113013 0 1
2113027 0 1
2113028 0 1
2113029 0 1
2113030 0 1
2113031 0 1
2113032 0 1
2113033 0 1
2114002 0 2
2114003 0 2
2114004 0 2
2114005 0 2
2114006 0 2
2114007 0 2
2114008 0 2
2114009 0 2
2114010 0 2
2114011 0 2
2114012 0 2
2114013 0 2
2114027 0 2
2114028 0 2
2114029 0 2
2114030 0 2
2114031 0 2
2114032 0 2
2114033 0 2
2115002 0 5
2115003 0 5
2115004 0 5
2115005 0 5
2115006 0 5
2115007 0 5
2115008 0 5
2115009 0 6
2115010 0 3
2115011 0 3
2115012 0 3
2115013 0 3
2115014 0 6
2115027 0 5
2115028 0 5
2115029 0 6
2115030 0 3
2115031 0 3
2115032 0 3
2115033 0 3
2115034 0 6
2116007 0 7
2116008 0 7
2116017 0 7
2116018 0 7
2117001 0 1
2117002 0 1
2117003 0 1
2117004 0 1
2117005 0 1
2117006 0 2
2117007 0 2
2117008 0 2
2117009 0 2
2117010 0 1
2117027 0 2
2117028 0 2
2117029 0 2
2117030 0 1
2121407 0 3
2121417 0 3
2121507 0 3
2121517 0 3
2121601 0 3
2121602 0 3
2121603 0 3
2121604 0 3
2121605 0 3
2121607 0 3
2121613 0 3
2121615 0 3
2121617 0 3
2121801 0 4
2121802 0 4
2121803 0 4
2121804 0 4
2121805 0 4
2121813 0 4
2121815 0 4
2121822 0 4
2121905 0 6
2121907 0 6
2121908 0 6
2121909 0 5
2121910 0 5
2121927 0 6
2121928 0 6
2121929 0 5
2121930 0 5
2123002 0 1
2123003 0 1
2123004 0 1
2123005 0 1
2123006 0 1
2123007 0 1
2123008 0 1
2123009 0 1
2123010 0 1
2123011 0 1
2123012 0 1
2123013 0 1
2123027 0 1
2123028 0 1
2123029 0 1
2123030 0 1
2123031 0 1
2123032 0 1
2123033 0 1
2124002 0 2
2124003 0 2
2124004 0 2
2124005 0 2
2124006 0 2
2124007 0 2
2124008 0 2
2124009 0 2
2124010 0 2
2124011 0 2
2124012 0 2
2124013 0 2
2124027 0 2
2124028 0 2
2124029 0 2
2124030 0 2
2124031 0 2
2124032 0 2
2124033 0 2
2125002 0 5
2125003 0 5
2125004 0 5
2125005 0 5
2125006 0 5
2125007 0 5
2125008 0 5
2125009 0 6
2125010 0 3
2125011 0 3
2125012 0 3
2125013 0 3
2125014 0 6
2125027 0 5
2125028 0 5
2125029 0 6
2125030 0 3
2125031 0 3
2125032 0 3
2125033 0 3
2125034 0 6
2126007 0 7
2126008 0 7
2126017 0 7
2126018 0 7
2127001 0 1
2127002 0 1
2127003 0 1
2127004 0 1
2127005 0 1
2127006 0 2
2127007 0 2
2127008 0 2
2127009 0 2
2127010 0 1
2127027 0 2
2127028 0 2
2127029 0 2
2127030 0 1
2131407 0 3
2131417 0 3
2131507 0 3
2131517 0 3
2131601 0 3
2131602 0 3
2131603 0 3
2131604 0 3
2131605 0 3
2131607 0 3
2131613 0 3
2131615 0 3
2131617 0 3
2131801 0 4
2131802 0 4
2131803 0 4
2131804 0 4
2131805 0 4
2131813 0 4
2131815 0 4
2131822 0 4
2131905 0 6
2131907 0 6
2131908 0 6
2131909 0 5
2131910 0 5
2131927 0 6
2131928 0 6
2131929 0 5
2131930 0 5
2133002 0 1
2133003 0 1
2133004 0 1
2133005 0 1
2133006 0 1
2133007 0 1
2133008 0 1
2133009 0 1
2133010 0 1
2133011 0 1
2133012 0 1
2133013 0 1
2133027 0 1
2133028 0 1
2133029 0 1
2133030 0 1
2133031 0 1
2133032 0 1
2133033 0 1
2134002 0 2
2134003 0 2
2134004 0 2
2134005 0 2
2134006 0 2
2134007 0 2
2134008 0 2
2134009 0 2
2134010 0 2
2134011 0 2
2134012 0 2
2134013 0 2
2134027 0 2
2134028 0 2
2134029 0 2
2134030 0 2
2134031 0 2
2134032 0 2
2134033 0 2
2135002 0 5
2135003 0 5
2135004 0 5
2135005 0 5
2135006 0 5
2135007 0 5
2135008 0 5
2135009 0 6
2135010 0 3
2135011 0 3
2135012 0 3
2135013 0 3
2135014 0 6
2135027 0 5
2135028 0 5
2135029 0 6
2135030 0 3
2135031 0 3
2135032 0 3
2135033 0 3
2135034 0 6
2136007 0 7
2136008 0 7
2136017 0 7
2136018 0 7
2137001 0 1
2137002 0 1
2137003 0 1
2137004 0 1
2137005 0 1
2137006 0 2
2137007 0 2
2137008 0 2
2137009 0 2
2137010 0 1
2137027 0 2
2137028 0 2
2137029 0 2
2137030 0 1
2141407 0 3
2141417 0 3
2141507 0 3
2141517 0 3
2141601 0 3
2141602 0 3
2141603 0 3
2141604 0 3
2141605 0 3
2141607 0 3
2141613 0 3
2141615 0 3
2141617 0 3
2141801 0 4
2141802 0 4
2141803 0 4
2141804 0 4
2141805 0 4
2141813 0 4
2141815 0 4
2141822 0 4
2141905 0 6
2141907 0 6
2141908 0 6
2141909 0 5
2141910 0 5
2141927 0 6
2141928 0 6
2141929 0 5
2141930 0 5
2143002 0 1
2143003 0 1
2143004 0 1
2143005 0 1
2143006 0 1
2143007 0 1
2143008 0 1
2143009 0 1
2143010 0 1
2143011 0 1
2143012 0 1
2143013 0 1
2143027 0 1
2143028 0 1
2143029 0 1
2143030 0 1
2143031 0 1
2143032 0 1
2143033 0 1
2144002 0 2
2144003 0 2
2144004 0 2
2144005 0 2
2144006 0 2
2144007 0 2
2144008 0 2
2144009 0 2
2144010 0 2
2144011 0 2
2144012 0 2
2144013 0 2
2144027 0 2
2144028 0 2
2144029 0 2
2144030 0 2
2144031 0 2
2144032 0 2
2144033 0 2
2145002 0 5
2145003 0 5
2145004 0 5
2145005 0 5
2145006 0 5
2145007 0 5
2145008 0 5
2145009 0 6
2145010 0 3
2145011 0 3
2145012 0 3
2145013 0 3
2145014 0 6
2145027 0 5
2145028 0 5
2145029 0 6
2145030 0 3
2145031 0 3
2145032 0 3
2145033 0 3
2145034 0 6
2146007 0 7
2146008 0 7
2146017 0 7
2146018 0 7
2147001 0 1
2147002 0 1
2147003 0 1
2147004 0 1
2147005 0 1
2147006 0 2
2147007 0 2
2147008 0 2
2147009 0 2
2147010 0 1
2147027 0 2
2147028 0 2
2147029 0 2
2147030 0 1
2159706 0 6
2211407 0 3
2211417 0 3
2211507 0 3
2211517 0 3
2211601 0 3
2211602 0 3
2211603 0 3
2211604 0 3
2211605 0 3
2211607 0 3
2211613 0 3
2211615 0 3
2211617 0 3
2211801 0 4
2211802 0 4
2211803 0 4
2211804 0 4
2211805 0 4
2211813 0 4
2211815 0 4
2211822 0 4
2211905 0 6
2211907 0 6
2211908 0 6
2211909 0 5
2211910 0 5
2211927 0 6
2211928 0 6
2211929 0 5
2211930 0 5
2213002 0 1
2213003 0 1
2213004 0 1
2213005 0 1
2213006 0 1
2213007 0 1
2213008 0 1
2213009 0 1
2213010 0 1
2213011 0 1
2213012 0 1
2213013 0 1
2213027 0 1
2213028 0 1
2213029 0 1
2213030 0 1
2213031 0 1
2213032 0 1
2213033 0 1
2214002 0 2
2214003 0 2
2214004 0 2
2214005 0 2
2214006 0 2
2214007 0 2
2214008 0 2
2214009 0 2
2214010 0 2
2214011 0 2
2214012 0 2
2214013 0 2
2214027 0 2
2214028 0 2
2214029 0 2
2214030 0 2
2214031 0 2
2214032 0 2
2214033 0 2
2215002 0 5
2215003 0 5
2215004 0 5
2215005 0 5
2215006 0 5
2215007 0 5
2215008 0 5
2215009 0 6
2215010 0 3
2215011 0 3
2215012 0 3
2215013 0 3
2215014 0 6
2215027 0 5
2215028 0 5
2215029 0 6
2215030 0 3
2215031 0 3
2215032 0 3
2215033 0 3
2215034 0 6
2216007 0 7
2216008 0 7
2216017 0 7
2216018 0 7
2217001 0 1
2217002 0 1
2217003 0 1
2217004 0 1
2217005 0 1
2217006 0 2
2217007 0 2
2217008 0 2
2217009 0 2
2217010 0 1
2217027 0 2
2217028 0 2
2217029 0 2
2217030 0 1
2221407 0 3
2221417 0 3
2221507 0 3
2221517 0 3
2221601 0 3
2221602 0 3
2221603 0 3
2221604 0 3
2221605 0 3
2221607 0 3
2221613 0 3
2221615 0 3
2221617 0 3
2221801 0 4
2221802 0 4
2221803 0 4
2221804 0 4
2221805 0 4
2221813 0 4
2221815 0 4
2221822 0 4
2221905 0 6
2221907 0 6
2221908 0 6
2221909 0 5
2221910 0 5
2221927 0 6
2221928 0 6
2221929 0 5
2221930 0 5
2223002 0 1
2223003 0 1
2223004 0 1
2223005 0 1
2223006 0 1
2223007 0 1
2223008 0 1
2223009 0 1
2223010 0 1
2223011 0 1
2223012 0 1
2223013 0 1
2223027 0 1
2223028 0 1
2223029 0 1
2223030 0 1
2223031 0 1
2223032 0 1
2223033 0 1
2224002 0 2
2224003 0 2
2224004 0 2
2224005 0 2
2224006 0 2
2224007 0 2
2224008 0 2
2224009 0 2
2224010 0 2
2224011 0 2
2224012 0 2
2224013 0 2
2224027 0 2
2224028 0 2
2224029 0 2
2224030 0 2
2224031 0 2
2224032 0 2
2224033 0 2
2225002 0 5
2225003 0 5
2225004 0 5
2225005 0 5
2225006 0 5
2225007 0 5
2225008 0 5
2225009 0 6
2225010 0 3
2225011 0 3
2225012 0 3
2225013 0 3
2225014 0 6
2225027 0 5
2225028 0 5
2225029 0 6
2225030 0 3
2225031 0 3
2225032 0 3
2225033 0 3
2225034 0 6
2226007 0 7
2226008 0 7
2226017 0 7
2226018 0 7
2227001 0 1
2227002 0 1
2227003 0 1
2227004 0 1
2227005 0 1
2227006 0 2
2227007 0 2
2227008 0 2
2227009 0 2
2227010 0 1
2227027 0 2
2227028 0 2
2227029 0 2
2227030 0 1
2241407 0 3
2241417 0 3
2241507 0 3
2241517 0 3
2241601 0 3
2241602 0 3
2241603 0 3
2241604 0 3
2241605 0 3
2241607 0 3
2241613 0 3
2241615 0 3
2241617 0 3
2241801 0 4
2241802 0 4
2241803 0 4
2241804 0 4
2241805 0 4
2241813 0 4
2241815 0 4
2241822 0 4
2241905 0 6
2241907 0 6
2241908 0 6
2241909 0 5
2241910 0 5
2241927 0 6
2241928 0 6
2241929 0 5
2241930 0 5
2243002 0 1
2243003 0 1
2243004 0 1
2243005 0 1
2243006 0 1
2243007 0 1
2243008 0 1
2243009 0 1
2243010 0 1
2243011 0 1
2243012 0 1
2243013 0 1
2243027 0 1
2243028 0 1
2243029 0 1
2243030 0 1
2243031 0 1
2243032 0 1
2243033 0 1
2244002 0 2
2244003 0 2
2244004 0 2
2244005 0 2
2244006 0 2
2244007 0 2
2244008 0 2
2244009 0 2
2244010 0 2
2244011 0 2
2244012 0 2
2244013 0 2
2244027 0 2
2244028 0 2
2244029 0 2
2244030 0 2
2244031 0 2
2244032 0 2
2244033 0 2
2245002 0 5
2245003 0 5
2245004 0 5
2245005 0 5
2245006 0 5
2245007 0 5
2245008 0 5
2245009 0 6
2245010 0 3
2245011 0 3
2245012 0 3
2245013 0 3
2245014 0 6
2245027 0 5
2245028 0 5
2245029 0 6
2245030 0 3
2245031 0 3
2245032 0 3
2245033 0 3
2245034 0 6
2246007 0 7
2246008 0 7
2246017 0 7
2246018 0 7
2247001 0 1
2247002 0 1
2247003 0 1
2247004 0 1
2247005 0 1
2247006 0 2
2247007 0 2
2247008 0 2
2247009 0 2
2247010 0 1
2247027 0 2
2247028 0 2
2247029 0 2
2247030 0 1
2411601 0 3
2411602 0 5
2411603 0 5
2411604 0 5
2411605 0 5
2411909 0 6
2413002 0 1
2413003 0 1
2413004 0 1
2413005 0 1
2413006 0 1
2413007 0 1
2413008 0 1
2413009 0 1
2413010 0 1
2413011 0 1
2413012 0 1
2413013 0 1
2414002 0 2
2414003 0 2
2414004 0 2
2414005 0 2
2414006 0 2
2414007 0 2
2414008 0 2
2414009 0 2
2414010 0 2
2414011 0 2
2414012 0 2
2414013 0 2
2415002 0 3
2415003 0 3
2415004 0 3
2415005 0 3
2415006 0 3
2415007 0 3
2415008 0 3
2415009 0 3
2415010 0 3
2415011 0 3
2415012 0 3
2415013 0 3
2415109 0 3
2416007 0 7
2417001 0 1
2417002 0 1
2417003 0 1
2417004 0 1
2417005 0 1
2417006 0 2
2417007 0 2
2417008 0 2
2417009 0 2
2417010 0 1
2417027 0 2
2417028 0 2
2417029 0 2
2417030 0 1
2418103 0 1
2418104 0 1
2418105 0 1
2418106 0 1
2418107 0 1
2418108 0 1
2418109 0 1
2418110 0 1
2418111 0 1
2418112 0 1
2418203 0 2
2418204 0 2
2418205 0 2
2418206 0 2
2418207 0 2
2418208 0 2
2418209 0 2
2418210 0 2
2418211 0 2
2418212 0 2
2418303 0 3
2418304 0 3
2418305 0 3
2418306 0 3
2418307 0 3
2418308 0 3
2418309 0 3
2418310 0 3
2418311 0 3
2418312 0 3
2419706 0 6
2419708 0 6
2421601 0 3
2421602 0 5
2421603 0 5
2421604 0 5
2421605 0 5
2423002 0 1
2423003 0 1
2423004 0 1
2423005 0 1
2423006 0 1
2423007 0 1
2423008 0 1
2423009 0 1
2423010 0 1
2423011 0 1
2423012 0 1
2423013 0 1
2424002 0 2
2424003 0 2
2424004 0 2
2424005 0 2
2424006 0 2
2424007 0 2
2424008 0 2
2424009 0 2
2424010 0 2
2424011 0 2
2424012 0 2
2424013 0 2
2425002 0 3
2425003 0 3
2425004 0 3
2425005 0 3
2425006 0 3
2425007 0 3
2425008 0 3
2425009 0 3
2425010 0 3
2425011 0 3
2425012 0 3
2425013 0 3
2427001 0 1
2427002 0 1
2427003 0 1
2427004 0 1
2427005 0 1
2427006 0 2
2427007 0 2
2427008 0 2
2427009 0 2
2427010 0 1
2427027 0 2
2427028 0 2
2427029 0 2
2427030 0 1
2431601 0 3
2431602 0 5
2431603 0 5
2431604 0 5
2431605 0 5
2433002 0 1
2433003 0 1
2433004 0 1
2433005 0 1
2433006 0 1
2433007 0 1
2433008 0 1
2433009 0 1
2433010 0 1
2433011 0 1
2433012 0 1
2433013 0 1
2434002 0 2
2434003 0 2
2434004 0 2
2434005 0 2
2434006 0 2
2434007 0 2
2434008 0 2
2434009 0 2
2434010 0 2
2434011 0 2
2434012 0 2
2434013 0 2
2435002 0 3
2435003 0 3
2435004 0 3
2435005 0 3
2435006 0 3
2435007 0 3
2435008 0 3
2435009 0 3
2435010 0 3
2435011 0 3
2435012 0 3
2435013 0 3
2437001 0 1
2437002 0 1
2437003 0 1
2437004 0 1
2437005 0 1
2437006 0 2
2437007 0 2
2437008 0 2
2437009 0 2
2437010 0 1
2437027 0 2
2437028 0 2
2437029 0 2
2437030 0 1
2441601 0 3
2441602 0 5
2441603 0 5
2441604 0 5
2441605 0 5
2443002 0 1
2443003 0 1
2443004 0 1
2443005 0 1
2443006 0 1
2443007 0 1
2443008 0 1
2443009 0 1
2443010 0 1
2443011 0 1
2443012 0 1
2443013 0 1
2444002 0 2
2444003 0 2
2444004 0 2
2444005 0 2
2444006 0 2
2444007 0 2
2444008 0 2
2444009 0 2
2444010 0 2
2444011 0 2
2444012 0 2
2444013 0 2
2445002 0 3
2445003 0 3
2445004 0 3
2445005 0 3
2445006 0 3
2445007 0 3
2445008 0 3
2445009 0 3
2445010 0 3
2445011 0 3
2445012 0 3
2445013 0 3
2447001 0 1
2447002 0 1
2447003 0 1
2447004 0 1
2447005 0 1
2447006 0 2
2447007 0 2
2447008 0 2
2447009 0 2
2447010 0 1
2447027 0 2
2447028 0 2
2447029 0 2
2447030 0 1
2454007 0 2
2454008 0 2
2454009 0 2
2454027 0 2
2454047 0 2
2455007 0 3
2455008 0 3
2455009 0 3
2455027 0 3
2455047 0 3
2511607 0 3
2511608 0 3
2511609 0 3
2513001 0 1
2513002 0 1
2513003 0 1
2514004 0 2
2514005 0 2
2514006 0 2
2515010 0 5
2515011 0 5
2515012 0 5
2611407 0 3
2611417 0 3
2611507 0 3
2611517 0 3
2611601 0 3
2611602 0 3
2611603 0 3
2611604 0 3
2611605 0 3
2611607 0 3
2611613 0 3
2611615 0 3
2611617 0 3
2611801 0 4
2611802 0 4
2611803 0 4
2611804 0 4
2611805 0 4
2611813 0 4
2611815 0 4
2611822 0 4
2611905 0 6
2611907 0 6
2611908 0 6
2611909 0 5
2611910 0 5
2611927 0 6
2611928 0 6
2611929 0 5
2611930 0 5
2613002 0 1
2613003 0 1
2613004 0 1
2613005 0 1
2613006 0 1
2613007 0 1
2613008 0 1
2613009 0 1
2613010 0 1
2613011 0 1
2613012 0 1
2613013 0 1
2613027 0 1
2613028 0 1
2613029 0 1
2613030 0 1
2613031 0 1
2613032 0 1
2613033 0 1
2614002 0 2
2614003 0 2
2614004 0 2
2614005 0 2
2614006 0 2
2614007 0 2
2614008 0 2
2614009 0 2
2614010 0 2
2614011 0 2
2614012 0 2
2614013 0 2
2614027 0 2
2614028 0 2
2614029 0 2
2614030 0 2
2614031 0 2
2614032 0 2
2614033 0 2
2615002 0 5
2615003 0 5
2615004 0 5
2615005 0 5
2615006 0 5
2615007 0 5
2615008 0 5
2615009 0 6
2615010 0 3
2615011 0 3
2615012 0 3
2615013 0 3
2615014 0 6
2615027 0 5
2615028 0 5
2615029 0 6
2615030 0 3
2615031 0 3
2615032 0 3
2615033 0 3
2615034 0 6
2616007 0 7
2616008 0 7
2616017 0 7
2616018 0 7
2617001 0 1
2617002 0 1
2617003 0 1
2617004 0 1
2617005 0 1
2617006 0 2
2617007 0 2
2617008 0 2
2617009 0 2
2617010 0 1
2617027 0 2
2617028 0 2
2617029 0 2
2617030 0 1
2621407 0 3
2621417 0 3
2621507 0 3
2621517 0 3
2621601 0 3
2621602 0 3
2621603 0 3
2621604 0 3
2621605 0 3
2621607 0 3
2621613 0 3
2621615 0 3
2621617 0 3
2621801 0 4
2621802 0 4
2621803 0 4
2621804 0 4
2621805 0 4
2621813 0 4
2621815 0 4
2621822 0 4
2621905 0 6
2621907 0 6
2621908 0 6
2621909 0 5
2621910 0 5
2621927 0 6
2621928 0 6
2621929 0 5
2621930 0 5
2623002 0 1
2623003 0 1
2623004 0 1
2623005 0 1
2623006 0 1
2623007 0 1
2623008 0 1
2623009 0 1
2623010 0 1
2623011 0 1
2623012 0 1
2623013 0 1
2623027 0 1
2623028 0 1
2623029 0 1
2623030 0 1
2623031 0 1
2623032 0 1
2623033 0 1
2624002 0 2
2624003 0 2
2624004 0 2
2624005 0 2
2624006 0 2
2624007 0 2
2624008 0 2
2624009 0 2
2624010 0 2
2624011 0 2
2624012 0 2
2624013 0 2
2624027 0 2
2624028 0 2
2624029 0 2
2624030 0 2
2624031 0 2
2624032 0 2
2624033 0 2
2625002 0 5
2625003 0 5
2625004 0 5
2625005 0 5
2625006 0 5
2625007 0 5
2625008 0 5
2625009 0 6
2625010 0 3
2625011 0 3
2625012 0 3
2625013 0 3
2625014 0 6
2625027 0 5
2625028 0 5
2625029 0 6
2625030 0 3
2625031 0 3
2625032 0 3
2625033 0 3
2625034 0 6
2626007 0 7
2626008 0 7
2626017 0 7
2626018 0 7
2627001 0 1
2627002 0 1
2627003 0 1
2627004 0 1
2627005 0 1
2627006 0 2
2627007 0 2
2627008 0 2
2627009 0 2
2627010 0 1
2627027 0 2
2627028 0 2
2627029 0 2
2627030 0 1
2631407 0 3
2631417 0 3
2631507 0 3
2631517 0 3
2631601 0 3
2631602 0 3
2631603 0 3
2631604 0 3
2631605 0 3
2631607 0 3
2631613 0 3
2631615 0 3
2631617 0 3
2631801 0 4
2631802 0 4
2631803 0 4
2631804 0 4
2631805 0 4
2631813 0 4
2631815 0 4
2631822 0 4
2631905 0 6
2631907 0 6
2631908 0 6
2631909 0 5
2631910 0 5
2631927 0 6
2631928 0 6
2631929 0 5
2631930 0 5
2633002 0 1
2633003 0 1
2633004 0 1
2633005 0 1
2633006 0 1
2633007 0 1
2633008 0 1
2633009 0 1
2633010 0 1
2633011 0 1
2633012 0 1
2633013 0 1
2633027 0 1
2633028 0 1
2633029 0 1
2633030 0 1
2633031 0 1
2633032 0 1
2633033 0 1
2634002 0 2
2634003 0 2
2634004 0 2
2634005 0 2
2634006 0 2
2634007 0 2
2634008 0 2
2634009 0 2
2634010 0 2
2634011 0 2
2634012 0 2
2634013 0 2
2634027 0 2
2634028 0 2
2634029 0 2
2634030 0 2
2634031 0 2
2634032 0 2
2634033 0 2
2635002 0 5
2635003 0 5
2635004 0 5
2635005 0 5
2635006 0 5
2635007 0 5
2635008 0 5
2635009 0 6
2635010 0 3
2635011 0 3
2635012 0 3
2635013 0 3
2635014 0 6
2635027 0 5
2635028 0 5
2635029 0 6
2635030 0 3
2635031 0 3
2635032 0 3
2635033 0 3
2635034 0 6
2636007 0 7
2636008 0 7
2636017 0 7
2636018 0 7
2637001 0 1
2637002 0 1
2637003 0 1
2637004 0 1
2637005 0 1
2637006 0 2
2637007 0 2
2637008 0 2
2637009 0 2
2637010 0 1
2637027 0 2
2637028 0 2
2637029 0 2
2637030 0 1
2641407 0 3
2641417 0 3
2641507 0 3
2641517 0 3
2641601 0 3
2641602 0 3
2641603 0 3
2641604 0 3
2641605 0 3
2641607 0 3
2641613 0 3
2641615 0 3
2641617 0 3
2641801 0 4
2641802 0 4
2641803 0 4
2641804 0 4
2641805 0 4
2641813 0 4
2641815 0 4
2641822 0 4
2641905 0 6
2641907 0 6
2641908 0 6
2641909 0 5
2641910 0 5
2641927 0 6
2641928 0 6
2641929 0 5
2641930 0 5
2643002 0 1
2643003 0 1
2643004 0 1
2643005 0 1
2643006 0 1
2643007 0 1
2643008 0 1
2643009 0 1
2643010 0 1
2643011 0 1
2643012 0 1
2643013 0 1
2643027 0 1
2643028 0 1
2643029 0 1
2643030 0 1
2643031 0 1
2643032 0 1
2643033 0 1
2644002 0 2
2644003 0 2
2644004 0 2
2644005 0 2
2644006 0 2
2644007 0 2
2644008 0 2
2644009 0 2
2644010 0 2
2644011 0 2
2644012 0 2
2644013 0 2
2644027 0 2
2644028 0 2
2644029 0 2
2644030 0 2
2644031 0 2
2644032 0 2
2644033 0 2
2645002 0 5
2645003 0 5
2645004 0 5
2645005 0 5
2645006 0 5
2645007 0 5
2645008 0 5
2645009 0 6
2645010 0 3
2645011 0 3
2645012 0 3
2645013 0 3
2645014 0 6
2645027 0 5
2645028 0 5
2645029 0 6
2645030 0 3
2645031 0 3
2645032 0 3
2645033 0 3
2645034 0 6
2646007 0 7
2646008 0 7
2646017 0 7
2646018 0 7
2647001 0 1
2647002 0 1
2647003 0 1
2647004 0 1
2647005 0 1
2647006 0 2
2647007 0 2
2647008 0 2
2647009 0 2
2647010 0 1
2647027 0 2
2647028 0 2
2647029 0 2
2647030 0 1
2659708 0 6
2711602 0 5
2711603 0 5
2711604 0 5
2711909 0 6
2713006 0 1
2713007 0 1
2713008 0 1
2713009 0 1
2713010 0 1
2713011 0 1
2713012 0 1
2714006 0 2
2714007 0 2
2714008 0 2
2714009 0 2
2714010 0 2
2714011 0 2
2714012 0 2
2715006 0 3
2715007 0 3
2715008 0 3
2715009 0 3
2715010 0 3
2715011 0 3
2715012 0 3
2715108 0 3
2716007 0 7
2719707 0 6
2721907 0 5
2721909 0 5
2723005 0 1
2723007 0 1
2723008 0 1
2723009 0 1
2724005 0 2
2724007 0 2
2724008 0 2
2724009 0 2
2725008 0 6
2725009 0 6
2726006 0 7
2726007 0 7
2731907 0 5
2731909 0 5
2735008 0 6
2735009 0 6
2736006 0 7
2736007 0 7
2741907 0 5
2741909 0 5
2745008 0 6
2745009 0 6
2746006 0 7
2746007 0 7
2751907 0 5
2751909 0 5
2755008 0 6
2755009 0 6
2756006 0 7
2756007 0 7
2761907 0 5
2761909 0 5
2765008 0 6
2765009 0 6
2766006 0 7
2766007 0 7
2771907 0 5
2771909 0 5
2775008 0 6
2775009 0 6
2776006 0 7
2776007 0 7
2781907 0 5
2781909 0 5
2785008 0 6
2785009 0 6
2786006 0 7
2786007 0 7
2791907 0 5
2791909 0 5
2795008 0 6
2795009 0 6
2796006 0 7
2796007 0 7
2811602 0 5
2811603 0 5
2811604 0 5
2811605 0 5
2811909 0 6
2813002 0 1
2813003 0 1
2813004 0 1
2813005 0 1
2813006 0 1
2813007 0 1
2813008 0 1
2813009 0 1
2813010 0 1
2813011 0 1
2813012 0 1
2813013 0 1
2814002 0 2
2814003 0 2
2814004 0 2
2814005 0 2
2814006 0 2
2814007 0 2
2814008 0 2
2814009 0 2
2814010 0 2
2814011 0 2
2814012 0 2
2814013 0 2
2815002 0 3
2815003 0 3
2815004 0 3
2815005 0 3
2815006 0 3
2815007 0 3
2815008 0 3
2815009 0 3
2815010 0 3
2815011 0 3
2815012 0 3
2815013 0 3
2815014 0 3
2815026 0 3
2815027 0 3
2815028 0 3
2815109 0 3
2816007 0 7
2818103 0 1
2818105 0 1
2818107 0 1
2818109 0 1
2818111 0 1
2818203 0 2
2818204 0 2
2818205 0 2
2818206 0 2
2818207 0 2
2818208 0 2
2818209 0 2
2818210 0 2
2818211 0 2
2818212 0 2
2818304 0 3
2818306 0 3
2818308 0 3
2818310 0 3
2818312 0 3
2819705 0 6
2819708 0 6
2829705 0 6
2829708 0 6
2911000 0 3
2911602 0 5
2911603 0 5
2911604 0 5
2911605 0 5
2911909 0 6
2913002 0 1
2913003 0 1
2913004 0 1
2913005 0 1
2913006 0 1
2913007 0 1
2913008 0 1
2913009 0 1
2913010 0 1
2913011 0 1
2913012 0 1
2913013 0 1
2914002 0 2
2914003 0 2
2914004 0 2
2914005 0 2
2914006 0 2
2914007 0 2
2914008 0 2
2914009 0 2
2914010 0 2
2914011 0 2
2914012 0 2
2914013 0 2
2915002 0 3
2915003 0 3
2915004 0 3
2915005 0 3
2915006 0 3
2915007 0 3
2915008 0 3
2915009 0 3
2915010 0 3
2915011 0 3
2915012 0 3
2915013 0 3
2915109 0 3
2916007 0 7
2918103 0 1
2918104 0 1
2918105 0 1
2918106 0 1
2918107 0 1
2918108 0 1
2918109 0 1
2918110 0 1
2918111 0 1
2918112 0 1
2918203 0 2
2918204 0 2
2918205 0 2
2918206 0 2
2918207 0 2
2918208 0 2
2918209 0 2
2918210 0 2
2918211 0 2
2918212 0 2
2918303 0 3
2918305 0 3
2918307 0 3
2918309 0 3
2918311 0 3
2919703 0 6
2919707 0 6
2921602 0 5
2921603 0 5
2921604 0 5
2921605 0 5
2921909 0 6
2923002 0 1
2923003 0 1
2923004 0 1
2923005 0 1
2923006 0 1
2923007 0 1
2923008 0 1
2923009 0 1
2923010 0 1
2923011 0 1
2923012 0 1
2923013 0 1
2924002 0 2
2924003 0 2
2924004 0 2
2924005 0 2
2924006 0 2
2924007 0 2
2924008 0 2
2924009 0 2
2924010 0 2
2924011 0 2
2924012 0 2
2924013 0 2
2925002 0 3
2925003 0 3
2925004 0 3
2925005 0 3
2925006 0 3
2925007 0 3
2925008 0 3
2925009 0 3
2925010 0 3
2925011 0 3
2925012 0 3
2925013 0 3
2925109 0 3
2926007 0 7
2928103 0 1
2928104 0 1
2928105 0 1
2928106 0 1
2928107 0 1
2928108 0 1
2928109 0 1
2928110 0 1
2928111 0 1
2928112 0 1
2928203 0 2
2928204 0 2
2928205 0 2
2928206 0 2
2928207 0 2
2928208 0 2
2928209 0 2
2928210 0 2
2928211 0 2
2928212 0 2
2928303 0 3
2928305 0 3
2928307 0 3
2928309 0 3
2928311 0 3
2929703 0 6
